Gradi22=[3;4]
